====== pysrim run =======
        SRIM-2013.00
=======================================
    Energy transferred to RECOILS      
 See SRIM Outputs\TDATA.txt for calc. details 
=======================================
--------------------------------------------------------------------
    Recoil/Damage Calculations made with Kinchin-Pease Estimates    
--------------------------------------------------------------------
 See file: SRIM Outputs\TDATA.txt for data about the calculation
 Ion    = He   Energy = 2000 keV
============= TARGET MATERIAL ======================================
Layer  1 : None
Layer Width = 20000.E+00 AAA ;
  Layer # 1- Density = 9.341E22 atoms/cm3 = 8.9 g/cm3
  Layer # 1- Ce = 33.3 Atomic Percent = 81.4 Mass Percent
  Layer # 1-  O = 66.6 Atomic Percent = 18.5 Mass Percent
====================================================================
 Total Ions calculated =4.66
===========================================================
  Table Energy Units are  >>>>  eV /(Angstrom-Ion)  <<<<  
===========================================================
   DEPTH       ENERGY       ENERGY    
   DEPTH        from        Absorbed  
   (Ang.)       IONS        by Recoils
----------   ------------  -----------
200010.E-03  0000.00E+00  0000.00E+00
400010.E-03  1278.03E-05  1278.03E-05
600010.E-03  2635.68E-05  2635.68E-05
800010.E-03  2635.68E-05  2635.68E-05
100001.E-02  2635.68E-05  2635.68E-05
120001.E-02  2198.23E-05  2412.91E-05
140001.E-02  0000.00E+00  0000.00E+00
160001.E-02  0000.00E+00  0000.00E+00
180001.E-02  0000.00E+00  0000.00E+00
200001.E-02  0000.00E+00  0000.00E+00
220001.E-02  1562.29E-05  1562.29E-05
240001.E-02  1809.93E-04  1809.93E-04
260001.E-02  1809.93E-04  1809.93E-04
280001.E-02  1809.93E-04  1809.93E-04
300001.E-02  1809.93E-04  1809.93E-04
320001.E-02  1453.62E-04  1453.62E-04
340001.E-02  0000.00E+00  0000.00E+00
360001.E-02  3952.40E-06  3952.40E-06
380001.E-02  2075.72E-05  2075.72E-05
400001.E-02  2075.72E-05  2075.72E-05
420001.E-02  2075.72E-05  2075.72E-05
440001.E-02  2075.72E-05  2075.72E-05
460001.E-02  2370.94E-05  2370.94E-05
480001.E-02  2735.26E-05  2735.26E-05
500001.E-02  2735.26E-05  2735.26E-05
520001.E-02  2735.26E-05  2735.26E-05
540001.E-02  3403.69E-05  3403.69E-05
560001.E-02  1356.24E-05  1356.24E-05
580001.E-02  8289.28E-06  8289.28E-06
600001.E-02  8289.28E-06  8289.28E-06
620001.E-02  1555.45E-05  1555.45E-05
640001.E-02  3298.41E-05  3298.41E-05
660001.E-02  3298.41E-05  3298.41E-05
680001.E-02  3298.41E-05  3298.41E-05
700001.E-02  3298.41E-05  3298.41E-05
720001.E-02  4425.43E-06  4425.43E-06
740001.E-02  1450.25E-05  1450.25E-05
760001.E-02  1680.32E-05  1680.32E-05
780001.E-02  1680.32E-05  1680.32E-05
800001.E-02  4339.97E-05  4339.97E-05
820001.E-02  7294.90E-05  7294.90E-05
840001.E-02  6543.87E-05  6543.87E-05
860001.E-02  6543.87E-05  6543.87E-05
880001.E-02  5552.71E-05  5552.71E-05
900001.E-02  0000.00E+00  0000.00E+00
920001.E-02  0000.00E+00  0000.00E+00
940001.E-02  0000.00E+00  0000.00E+00
960001.E-02  0000.00E+00  0000.00E+00
980001.E-02  7095.00E-06  7095.00E-06
100000.E-01  2494.45E-05  2494.45E-05
102000.E-01  2494.45E-05  2494.45E-05
104000.E-01  2494.45E-05  2494.45E-05
106000.E-01  1739.34E-05  1739.34E-05
108000.E-01  0000.00E+00  0000.00E+00
110000.E-01  0000.00E+00  0000.00E+00
112000.E-01  0000.00E+00  0000.00E+00
114000.E-01  0000.00E+00  0000.00E+00
116000.E-01  0000.00E+00  0000.00E+00
118000.E-01  0000.00E+00  0000.00E+00
120000.E-01  0000.00E+00  0000.00E+00
122000.E-01  0000.00E+00  0000.00E+00
124000.E-01  0000.00E+00  0000.00E+00
126000.E-01  2475.67E-04  2475.67E-04
128000.E-01  2893.67E-04  2893.67E-04
130000.E-01  2893.67E-04  2893.67E-04
132000.E-01  2639.16E-04  2639.16E-04
134000.E-01  1252.52E-04  1252.52E-04
136000.E-01  1252.52E-04  1252.52E-04
138000.E-01  1252.52E-04  1252.52E-04
140000.E-01  7279.62E-05  7494.30E-05
142000.E-01  6476.14E-05  6476.14E-05
144000.E-01  6476.14E-05  6476.14E-05
146000.E-01  4199.11E-05  4413.78E-05
148000.E-01  0000.00E+00  0000.00E+00
150000.E-01  0000.00E+00  0000.00E+00
152000.E-01  0000.00E+00  0000.00E+00
154000.E-01  0000.00E+00  0000.00E+00
156000.E-01  0000.00E+00  0000.00E+00
158000.E-01  0000.00E+00  0000.00E+00
160000.E-01  7450.66E-06  7450.66E-06
162000.E-01  1515.08E-05  1515.08E-05
164000.E-01  1515.08E-05  1515.08E-05
166000.E-01  1587.76E-05  1587.76E-05
168000.E-01  3848.73E-05  3848.73E-05
170000.E-01  1349.46E-04  1349.46E-04
172000.E-01  1257.68E-04  1257.68E-04
174000.E-01  9138.81E-05  9138.81E-05
176000.E-01  0000.00E+00  0000.00E+00
178000.E-01  0000.00E+00  0000.00E+00
180000.E-01  0000.00E+00  0000.00E+00
182000.E-01  2472.53E-06  2472.53E-06
184000.E-01  2669.31E-04  2669.31E-04
186000.E-01  2958.94E-04  2958.94E-04
188000.E-01  2699.05E-04  2720.52E-04
190000.E-01  4024.81E-05  4024.81E-05
192000.E-01  2699.40E-05  2699.40E-05
194000.E-01  0000.00E+00  0000.00E+00
196000.E-01  0000.00E+00  0000.00E+00
198000.E-01  0000.00E+00  0000.00E+00
200000.E-01  0000.00E+00  0000.00E+00
