====== pysrim run =======
        SRIM-2013.00
=======================================
    Energy transferred to RECOILS      
 See SRIM Outputs\TDATA.txt for calc. details 
=======================================
--------------------------------------------------------------------
    Recoil/Damage Calculations made with Kinchin-Pease Estimates    
--------------------------------------------------------------------
 See file: SRIM Outputs\TDATA.txt for data about the calculation
 Ion    = He   Energy = 1000 keV
============= TARGET MATERIAL ======================================
Layer  1 : None
Layer Width = 20000.E+00 AAA ;
  Layer # 1- Density = 9.341E22 atoms/cm3 = 8.9 g/cm3
  Layer # 1- Ce = 33.3 Atomic Percent = 81.4 Mass Percent
  Layer # 1-  O = 66.6 Atomic Percent = 18.5 Mass Percent
====================================================================
 Total Ions calculated =5.00
===========================================================
  Table Energy Units are  >>>>  eV /(Angstrom-Ion)  <<<<  
===========================================================
   DEPTH       ENERGY       ENERGY    
   DEPTH        from        Absorbed  
   (Ang.)       IONS        by Recoils
----------   ------------  -----------
200010.E-03  0000.00E+00  0000.00E+00
400010.E-03  9491.89E-06  9491.89E-06
600010.E-03  1550.36E-05  1550.36E-05
800010.E-03  1846.75E-05  1846.75E-05
100001.E-02  3532.40E-05  3532.40E-05
120001.E-02  6950.40E-05  6950.40E-05
140001.E-02  9868.98E-05  9868.98E-05
160001.E-02  6922.45E-05  6922.45E-05
180001.E-02  2750.86E-05  2950.86E-05
200001.E-02  0000.00E+00  0000.00E+00
220001.E-02  0000.00E+00  0000.00E+00
240001.E-02  0000.00E+00  0000.00E+00
260001.E-02  0000.00E+00  0000.00E+00
280001.E-02  0000.00E+00  0000.00E+00
300001.E-02  0000.00E+00  0000.00E+00
320001.E-02  1634.16E-05  1634.16E-05
340001.E-02  6715.59E-05  6715.59E-05
360001.E-02  1040.29E-04  1040.29E-04
380001.E-02  8917.57E-05  8917.57E-05
400001.E-02  -6829.25E-07 1317.08E-06
420001.E-02  0000.00E+00  0000.00E+00
440001.E-02  0000.00E+00  0000.00E+00
460001.E-02  0000.00E+00  0000.00E+00
480001.E-02  2035.42E-06  2035.42E-06
500001.E-02  5196.20E-05  5196.20E-05
520001.E-02  5196.20E-05  5196.20E-05
540001.E-02  3378.21E-05  3378.21E-05
560001.E-02  2804.69E-05  2804.69E-05
580001.E-02  1197.48E-05  1197.48E-05
600001.E-02  0000.00E+00  0000.00E+00
620001.E-02  1013.96E-05  1013.96E-05
640001.E-02  2170.15E-05  2170.15E-05
660001.E-02  2137.20E-05  2337.20E-05
680001.E-02  2754.70E-05  2754.70E-05
700001.E-02  3488.74E-05  3688.74E-05
720001.E-02  2028.74E-05  2028.74E-05
740001.E-02  0000.00E+00  0000.00E+00
760001.E-02  7730.58E-06  7730.58E-06
780001.E-02  2057.00E-05  2057.00E-05
800001.E-02  6303.47E-06  8303.47E-06
820001.E-02  0000.00E+00  0000.00E+00
840001.E-02  0000.00E+00  0000.00E+00
860001.E-02  1887.15E-05  1887.15E-05
880001.E-02  8388.44E-05  8388.44E-05
900001.E-02  7904.91E-05  8104.91E-05
920001.E-02  1110.08E-04  1110.08E-04
940001.E-02  9252.22E-07  9252.22E-07
960001.E-02  1655.31E-04  1655.31E-04
980001.E-02  5557.75E-04  5557.75E-04
100000.E-01  1681.23E-03  1681.23E-03
102000.E-01  5885.43E-04  5885.43E-04
104000.E-01  6489.20E-05  6489.20E-05
106000.E-01  1027.35E-04  1027.35E-04
108000.E-01  1269.85E-04  1269.85E-04
110000.E-01  1917.84E-04  1917.84E-04
112000.E-01  3114.56E-04  3154.56E-04
114000.E-01  2178.24E-04  2178.24E-04
116000.E-01  7238.79E-04  7258.79E-04
118000.E-01  6421.46E-04  6461.46E-04
120000.E-01  1863.93E-04  1883.93E-04
122000.E-01  1002.05E-03  1006.05E-03
124000.E-01  2630.03E-04  2630.03E-04
126000.E-01  5790.32E-04  5790.32E-04
128000.E-01  5575.34E-04  5595.34E-04
130000.E-01  3635.78E-04  3655.78E-04
132000.E-01  9016.09E-04  9016.09E-04
134000.E-01  5364.39E-04  5404.39E-04
136000.E-01  2855.89E-05  2855.89E-05
138000.E-01  1530.28E-04  1550.28E-04
140000.E-01  1771.60E-04  1811.60E-04
142000.E-01  6659.50E-04  6659.50E-04
144000.E-01  8013.78E-04  8073.78E-04
146000.E-01  2032.52E-03  2044.52E-03
148000.E-01  2246.56E-03  2252.56E-03
150000.E-01  3522.16E-04  3542.16E-04
152000.E-01  1342.70E-03  1348.70E-03
154000.E-01  1263.20E-03  1277.20E-03
156000.E-01  3553.06E-03  3573.06E-03
158000.E-01  2244.70E-03  2256.70E-03
160000.E-01  3481.58E-03  3501.58E-03
162000.E-01  1925.82E-05  1925.82E-05
164000.E-01  2060.44E-04  2080.44E-04
166000.E-01  2306.32E-03  2310.32E-03
168000.E-01  1856.26E-03  1864.26E-03
170000.E-01  3405.02E-04  3485.02E-04
172000.E-01  0000.00E+00  0000.00E+00
174000.E-01  0000.00E+00  0000.00E+00
176000.E-01  0000.00E+00  0000.00E+00
178000.E-01  0000.00E+00  0000.00E+00
180000.E-01  0000.00E+00  0000.00E+00
182000.E-01  0000.00E+00  0000.00E+00
184000.E-01  0000.00E+00  0000.00E+00
186000.E-01  0000.00E+00  0000.00E+00
188000.E-01  0000.00E+00  0000.00E+00
190000.E-01  0000.00E+00  0000.00E+00
192000.E-01  0000.00E+00  0000.00E+00
194000.E-01  0000.00E+00  0000.00E+00
196000.E-01  0000.00E+00  0000.00E+00
198000.E-01  0000.00E+00  0000.00E+00
200000.E-01  0000.00E+00  0000.00E+00
