====== pysrim run =======
        SRIM-2013.00
=======================================
    Energy transferred to RECOILS      
 See SRIM Outputs\TDATA.txt for calc. details 
=======================================
--------------------------------------------------------------------
    Recoil/Damage Calculations made with Kinchin-Pease Estimates    
--------------------------------------------------------------------
 See file: SRIM Outputs\TDATA.txt for data about the calculation
 Ion    = He   Energy = 2000 keV
============= TARGET MATERIAL ======================================
Layer  1 : None
Layer Width = 20000.E+00 AAA ;
  Layer # 1- Density = 9.341E22 atoms/cm3 = 8.9 g/cm3
  Layer # 1- Ce = 33.3 Atomic Percent = 81.4 Mass Percent
  Layer # 1-  O = 66.6 Atomic Percent = 18.5 Mass Percent
====================================================================
 Total Ions calculated =4.62
===========================================================
  Table Energy Units are  >>>>  eV /(Angstrom-Ion)  <<<<  
===========================================================
   DEPTH       ENERGY       ENERGY    
   DEPTH        from        Absorbed  
   (Ang.)       IONS        by Recoils
----------   ------------  -----------
200010.E-03  0000.00E+00  0000.00E+00
400010.E-03  0000.00E+00  0000.00E+00
600010.E-03  0000.00E+00  0000.00E+00
800010.E-03  0000.00E+00  0000.00E+00
100001.E-02  0000.00E+00  0000.00E+00
120001.E-02  0000.00E+00  0000.00E+00
140001.E-02  0000.00E+00  0000.00E+00
160001.E-02  4017.68E-06  4017.68E-06
180001.E-02  7007.60E-06  7007.60E-06
200001.E-02  7007.60E-06  7007.60E-06
220001.E-02  7007.60E-06  7007.60E-06
240001.E-02  1347.97E-05  1347.97E-05
260001.E-02  2123.97E-05  2123.97E-05
280001.E-02  1855.74E-05  1855.74E-05
300001.E-02  1855.74E-05  1855.74E-05
320001.E-02  1855.74E-05  1855.74E-05
340001.E-02  9759.00E-06  9759.00E-06
360001.E-02  0000.00E+00  0000.00E+00
380001.E-02  0000.00E+00  0000.00E+00
400001.E-02  0000.00E+00  0000.00E+00
420001.E-02  0000.00E+00  0000.00E+00
440001.E-02  9265.00E-07  9265.00E-07
460001.E-02  1742.70E-05  1742.70E-05
480001.E-02  1742.70E-05  1742.70E-05
500001.E-02  1742.70E-05  1742.70E-05
520001.E-02  1742.70E-05  1742.70E-05
540001.E-02  1009.27E-05  1009.27E-05
560001.E-02  0000.00E+00  0000.00E+00
580001.E-02  1117.43E-06  1117.43E-06
600001.E-02  7270.42E-06  7270.42E-06
620001.E-02  7270.42E-06  7270.42E-06
640001.E-02  7270.42E-06  7270.42E-06
660001.E-02  7270.42E-06  7270.42E-06
680001.E-02  2314.00E-06  2314.00E-06
700001.E-02  0000.00E+00  0000.00E+00
720001.E-02  0000.00E+00  0000.00E+00
740001.E-02  0000.00E+00  0000.00E+00
760001.E-02  0000.00E+00  0000.00E+00
780001.E-02  0000.00E+00  0000.00E+00
800001.E-02  0000.00E+00  0000.00E+00
820001.E-02  0000.00E+00  0000.00E+00
840001.E-02  0000.00E+00  0000.00E+00
860001.E-02  0000.00E+00  0000.00E+00
880001.E-02  0000.00E+00  0000.00E+00
900001.E-02  0000.00E+00  0000.00E+00
920001.E-02  0000.00E+00  0000.00E+00
940001.E-02  0000.00E+00  0000.00E+00
960001.E-02  0000.00E+00  0000.00E+00
980001.E-02  0000.00E+00  0000.00E+00
100000.E-01  0000.00E+00  0000.00E+00
102000.E-01  4611.90E-05  4611.90E-05
104000.E-01  6781.28E-05  6781.28E-05
106000.E-01  6781.28E-05  6781.28E-05
108000.E-01  6781.28E-05  6781.28E-05
110000.E-01  1720.24E-05  1936.81E-05
112000.E-01  1481.08E-03  1481.08E-03
114000.E-01  4883.09E-03  4883.09E-03
116000.E-01  4883.09E-03  4883.09E-03
118000.E-01  4886.55E-03  4886.55E-03
120000.E-01  2556.12E-03  2556.12E-03
122000.E-01  1040.28E-05  1040.28E-05
124000.E-01  1040.28E-05  1040.28E-05
126000.E-01  2967.45E-04  2967.45E-04
128000.E-01  4801.09E-04  4801.09E-04
130000.E-01  4801.09E-04  4801.09E-04
132000.E-01  4681.65E-04  4681.65E-04
134000.E-01  3758.90E-06  3758.90E-06
136000.E-01  9672.72E-06  9672.72E-06
138000.E-01  1292.96E-05  1292.96E-05
140000.E-01  1292.96E-05  1292.96E-05
142000.E-01  7731.81E-06  9897.49E-06
144000.E-01  0000.00E+00  0000.00E+00
146000.E-01  0000.00E+00  0000.00E+00
148000.E-01  0000.00E+00  0000.00E+00
150000.E-01  0000.00E+00  0000.00E+00
152000.E-01  0000.00E+00  0000.00E+00
154000.E-01  2029.64E-04  2029.64E-04
156000.E-01  2200.20E-04  2200.20E-04
158000.E-01  1203.81E-04  1203.81E-04
160000.E-01  5979.08E-05  5979.08E-05
162000.E-01  8802.11E-05  8802.11E-05
164000.E-01  8802.11E-05  8802.11E-05
166000.E-01  4826.38E-05  4826.38E-05
168000.E-01  0000.00E+00  0000.00E+00
170000.E-01  0000.00E+00  0000.00E+00
172000.E-01  0000.00E+00  0000.00E+00
174000.E-01  0000.00E+00  0000.00E+00
176000.E-01  0000.00E+00  0000.00E+00
178000.E-01  0000.00E+00  0000.00E+00
180000.E-01  0000.00E+00  0000.00E+00
182000.E-01  0000.00E+00  0000.00E+00
184000.E-01  1856.52E-04  1856.52E-04
186000.E-01  2452.37E-04  2452.37E-04
188000.E-01  2452.37E-04  2452.37E-04
190000.E-01  1100.84E-05  1100.84E-05
192000.E-01  0000.00E+00  0000.00E+00
194000.E-01  1327.16E-03  1327.16E-03
196000.E-01  3280.23E-03  3280.23E-03
198000.E-01  8198.29E-04  8198.29E-04
200000.E-01  0000.00E+00  0000.00E+00
