====== pysrim run =======
        SRIM-2013.00
=======================================
    Energy transferred to RECOILS      
 See SRIM Outputs\TDATA.txt for calc. details 
=======================================
--------------------------------------------------------------------
    Recoil/Damage Calculations made with Kinchin-Pease Estimates    
--------------------------------------------------------------------
 See file: SRIM Outputs\TDATA.txt for data about the calculation
 Ion    = He   Energy = 1000 keV
============= TARGET MATERIAL ======================================
Layer  1 : None
Layer Width = 20000.E+00 AAA ;
  Layer # 1- Density = 9.341E22 atoms/cm3 = 8.9 g/cm3
  Layer # 1- Ce = 33.3 Atomic Percent = 81.4 Mass Percent
  Layer # 1-  O = 66.6 Atomic Percent = 18.5 Mass Percent
====================================================================
 Total Ions calculated =5.00
===========================================================
  Table Energy Units are  >>>>  eV /(Angstrom-Ion)  <<<<  
===========================================================
   DEPTH       ENERGY       ENERGY    
   DEPTH        from        Absorbed  
   (Ang.)       IONS        by Recoils
----------   ------------  -----------
200010.E-03  3432.53E-04  3432.53E-04
400010.E-03  3470.78E-04  3470.78E-04
600010.E-03  7157.75E-05  7157.75E-05
800010.E-03  0000.00E+00  0000.00E+00
100001.E-02  1355.57E-05  1355.57E-05
120001.E-02  1665.48E-05  1665.48E-05
140001.E-02  1665.48E-05  1665.48E-05
160001.E-02  2088.88E-05  2288.88E-05
180001.E-02  8388.57E-05  8388.57E-05
200001.E-02  8388.57E-05  8388.57E-05
220001.E-02  4558.14E-05  4958.14E-05
240001.E-02  1328.86E-05  1328.86E-05
260001.E-02  2450.90E-05  2450.90E-05
280001.E-02  3465.97E-05  3465.97E-05
300001.E-02  2373.30E-05  2373.30E-05
320001.E-02  2462.90E-04  2462.90E-04
340001.E-02  2769.44E-04  2769.44E-04
360001.E-02  1813.00E-04  1833.00E-04
380001.E-02  2093.31E-05  2093.31E-05
400001.E-02  0000.00E+00  0000.00E+00
420001.E-02  0000.00E+00  0000.00E+00
440001.E-02  0000.00E+00  0000.00E+00
460001.E-02  0000.00E+00  0000.00E+00
480001.E-02  3407.11E-05  3407.11E-05
500001.E-02  3483.52E-05  3483.52E-05
520001.E-02  6911.51E-05  6911.51E-05
540001.E-02  7855.92E-05  7855.92E-05
560001.E-02  5939.46E-05  5939.46E-05
580001.E-02  3004.56E-05  3004.56E-05
600001.E-02  1167.14E-05  1167.14E-05
620001.E-02  4252.05E-05  4252.05E-05
640001.E-02  1517.83E-04  1517.83E-04
660001.E-02  1302.67E-04  1302.67E-04
680001.E-02  1311.06E-05  1711.06E-05
700001.E-02  2022.41E-05  2022.41E-05
720001.E-02  5205.78E-05  5205.78E-05
740001.E-02  2384.98E-05  2384.98E-05
760001.E-02  0000.00E+00  0000.00E+00
780001.E-02  0000.00E+00  0000.00E+00
800001.E-02  2826.09E-05  2826.09E-05
820001.E-02  2740.27E-04  2740.27E-04
840001.E-02  1526.83E-04  1546.83E-04
860001.E-02  6326.99E-05  6326.99E-05
880001.E-02  8206.41E-05  8206.41E-05
900001.E-02  2432.03E-05  2432.03E-05
920001.E-02  0000.00E+00  0000.00E+00
940001.E-02  1570.01E-04  1570.01E-04
960001.E-02  3083.04E-04  3083.04E-04
980001.E-02  5628.81E-05  5628.81E-05
100000.E-01  1542.83E-04  1542.83E-04
102000.E-01  1030.51E-04  1030.51E-04
104000.E-01  5998.81E-04  6018.81E-04
106000.E-01  2235.53E-04  2235.53E-04
108000.E-01  4423.32E-04  4443.32E-04
110000.E-01  2904.14E-05  2904.14E-05
112000.E-01  0000.00E+00  0000.00E+00
114000.E-01  1855.47E-04  1855.47E-04
116000.E-01  1714.44E-04  1714.44E-04
118000.E-01  3119.82E-04  3119.82E-04
120000.E-01  5070.75E-04  5090.75E-04
122000.E-01  2309.42E-04  2309.42E-04
124000.E-01  9041.67E-04  9041.67E-04
126000.E-01  4901.43E-04  4941.43E-04
128000.E-01  2224.72E-04  2224.72E-04
130000.E-01  2942.60E-03  2942.60E-03
132000.E-01  1084.89E-03  1088.89E-03
134000.E-01  3098.47E-04  3098.47E-04
136000.E-01  2665.94E-04  2705.94E-04
138000.E-01  1194.15E-04  1214.15E-04
140000.E-01  6274.93E-04  6294.93E-04
142000.E-01  5959.77E-04  6019.77E-04
144000.E-01  1887.32E-04  1907.32E-04
146000.E-01  1215.09E-03  1221.09E-03
148000.E-01  3089.42E-04  3169.42E-04
150000.E-01  8962.75E-04  9082.75E-04
152000.E-01  4442.21E-03  4488.21E-03
154000.E-01  2647.28E-03  2673.28E-03
156000.E-01  2985.94E-03  3001.94E-03
158000.E-01  4526.80E-04  4566.80E-04
160000.E-01  1457.26E-04  1477.26E-04
162000.E-01  1220.57E-04  1240.57E-04
164000.E-01  1144.00E-04  1184.00E-04
166000.E-01  5437.80E-04  5497.80E-04
168000.E-01  0000.00E+00  0000.00E+00
170000.E-01  0000.00E+00  0000.00E+00
172000.E-01  0000.00E+00  0000.00E+00
174000.E-01  0000.00E+00  0000.00E+00
176000.E-01  0000.00E+00  0000.00E+00
178000.E-01  0000.00E+00  0000.00E+00
180000.E-01  0000.00E+00  0000.00E+00
182000.E-01  0000.00E+00  0000.00E+00
184000.E-01  0000.00E+00  0000.00E+00
186000.E-01  0000.00E+00  0000.00E+00
188000.E-01  0000.00E+00  0000.00E+00
190000.E-01  0000.00E+00  0000.00E+00
192000.E-01  0000.00E+00  0000.00E+00
194000.E-01  0000.00E+00  0000.00E+00
196000.E-01  0000.00E+00  0000.00E+00
198000.E-01  0000.00E+00  0000.00E+00
200000.E-01  0000.00E+00  0000.00E+00
