====== pysrim run =======
        SRIM-2013.00
==========================================
    Ion and Target VACANCY production     
  See SRIM Outputs\TDATA.txt for calc. details
==========================================
--------------------------------------------------------------------
    Recoil/Damage Calculations made with Kinchin-Pease Estimates    
--------------------------------------------------------------------
 See file :  SRIM Outputs\TDATA.txt for calculation data
 Ion    = He   Energy = 1000 keV
============= TARGET MATERIAL ======================================
Layer  1 : None
Layer Width =     2.E+04 A ;
  Layer # 1- Density = 9.341E22 atoms/cm3 = 8.9 g/cm3
  Layer # 1- Ce = 33.3 Atomic Percent = 81.4 Mass Percent
  Layer # 1-  O = 66.6 Atomic Percent = 18.5 Mass Percent
====================================================================
 Total Ions calculated =5.00
 Total Target Vacancies     = 71 /Ion

==========================================================
  Table Units are  >>>> Vacancies/(Angstrom-Ion)  <<<<  
==========================================================
   TARGET     VACANCIES     VACANCIES 
   DEPTH         by            by     
   (Ang.)       IONS         RECOILS  
-----------  -----------  ------------
200010.E-03  0000.00E+00  0000.00E+00  
400010.E-03  0000.00E+00  0000.00E+00  
600010.E-03  1000.00E-06  7432.04E-06  
800010.E-03  0000.00E+00  0000.00E+00  
100001.E-02  0000.00E+00  0000.00E+00  
120001.E-02  0000.00E+00  0000.00E+00  
140001.E-02  0000.00E+00  0000.00E+00  
160001.E-02  1000.00E-06  0000.00E+00  
180001.E-02  0000.00E+00  0000.00E+00  
200001.E-02  0000.00E+00  0000.00E+00  
220001.E-02  2000.00E-06  1126.18E-06  
240001.E-02  0000.00E+00  0000.00E+00  
260001.E-02  0000.00E+00  0000.00E+00  
280001.E-02  0000.00E+00  0000.00E+00  
300001.E-02  1000.00E-06  0000.00E+00  
320001.E-02  1000.00E-06  0000.00E+00  
340001.E-02  0000.00E+00  0000.00E+00  
360001.E-02  2000.00E-06  5742.20E-06  
380001.E-02  1000.00E-06  0000.00E+00  
400001.E-02  0000.00E+00  0000.00E+00  
420001.E-02  0000.00E+00  0000.00E+00  
440001.E-02  0000.00E+00  0000.00E+00  
460001.E-02  0000.00E+00  0000.00E+00  
480001.E-02  0000.00E+00  0000.00E+00  
500001.E-02  0000.00E+00  0000.00E+00  
520001.E-02  1000.00E-06  0000.00E+00  
540001.E-02  0000.00E+00  0000.00E+00  
560001.E-02  2000.00E-06  2511.79E-07  
580001.E-02  0000.00E+00  0000.00E+00  
600001.E-02  0000.00E+00  0000.00E+00  
620001.E-02  0000.00E+00  0000.00E+00  
640001.E-02  0000.00E+00  0000.00E+00  
660001.E-02  1000.00E-06  2014.80E-06  
680001.E-02  2000.00E-06  0000.00E+00  
700001.E-02  0000.00E+00  0000.00E+00  
720001.E-02  0000.00E+00  0000.00E+00  
740001.E-02  1000.00E-06  1202.94E-07  
760001.E-02  0000.00E+00  0000.00E+00  
780001.E-02  0000.00E+00  0000.00E+00  
800001.E-02  0000.00E+00  0000.00E+00  
820001.E-02  0000.00E+00  0000.00E+00  
840001.E-02  1000.00E-06  3951.22E-06  
860001.E-02  0000.00E+00  0000.00E+00  
880001.E-02  1000.00E-06  0000.00E+00  
900001.E-02  2000.00E-06  5913.89E-08  
920001.E-02  0000.00E+00  0000.00E+00  
940001.E-02  0000.00E+00  0000.00E+00  
960001.E-02  1000.00E-06  4187.36E-06  
980001.E-02  0000.00E+00  0000.00E+00  
100000.E-01  1000.00E-06  6294.59E-07  
102000.E-01  2000.00E-06  0000.00E+00  
104000.E-01  1000.00E-06  0000.00E+00  
106000.E-01  1000.00E-06  7234.68E-06  
108000.E-01  2000.00E-06  9911.50E-08  
110000.E-01  1000.00E-06  3070.86E-06  
112000.E-01  0000.00E+00  0000.00E+00  
114000.E-01  0000.00E+00  0000.00E+00  
116000.E-01  1000.00E-06  3034.23E-06  
118000.E-01  0000.00E+00  0000.00E+00  
120000.E-01  3000.00E-06  6120.95E-06  
122000.E-01  2000.00E-06  9790.34E-07  
124000.E-01  1000.00E-06  3250.43E-07  
126000.E-01  2000.00E-06  1273.27E-05  
128000.E-01  0000.00E+00  0000.00E+00  
130000.E-01  3000.00E-06  2031.99E-05  
132000.E-01  4000.00E-06  2007.11E-05  
134000.E-01  2000.00E-06  1673.02E-07  
136000.E-01  4000.00E-06  1870.99E-06  
138000.E-01  2000.00E-06  0000.00E+00  
140000.E-01  3000.00E-06  3720.88E-06  
142000.E-01  5000.00E-06  3572.87E-06  
144000.E-01  3000.00E-06  0000.00E+00  
146000.E-01  8000.00E-06  7651.92E-06  
148000.E-01  6000.00E-06  0000.00E+00  
150000.E-01  1000.00E-05  2544.77E-06  
152000.E-01  4100.00E-05  1959.68E-05  
154000.E-01  1500.00E-05  1420.86E-05  
156000.E-01  1400.00E-05  2442.21E-05  
158000.E-01  3000.00E-06  2824.96E-06  
160000.E-01  3000.00E-06  0000.00E+00  
162000.E-01  2000.00E-06  0000.00E+00  
164000.E-01  3000.00E-06  0000.00E+00  
166000.E-01  6000.00E-06  2114.94E-06  
168000.E-01  0000.00E+00  0000.00E+00  
170000.E-01  0000.00E+00  0000.00E+00  
172000.E-01  0000.00E+00  0000.00E+00  
174000.E-01  0000.00E+00  0000.00E+00  
176000.E-01  0000.00E+00  0000.00E+00  
178000.E-01  0000.00E+00  0000.00E+00  
180000.E-01  0000.00E+00  0000.00E+00  
182000.E-01  0000.00E+00  0000.00E+00  
184000.E-01  0000.00E+00  0000.00E+00  
186000.E-01  0000.00E+00  0000.00E+00  
188000.E-01  0000.00E+00  0000.00E+00  
190000.E-01  0000.00E+00  0000.00E+00  
192000.E-01  0000.00E+00  0000.00E+00  
194000.E-01  0000.00E+00  0000.00E+00  
196000.E-01  0000.00E+00  0000.00E+00  
198000.E-01  0000.00E+00  0000.00E+00  
200000.E-01  0000.00E+00  0000.00E+00  

 To convert to Energy Lost - multiply by Average Binding Energy =  0  eV/Vacancy
