====== pysrim run =======
        SRIM-2013.00
=======================================
    Energy transferred to RECOILS      
 See SRIM Outputs\TDATA.txt for calc. details 
=======================================
--------------------------------------------------------------------
    Recoil/Damage Calculations made with Kinchin-Pease Estimates    
--------------------------------------------------------------------
 See file: SRIM Outputs\TDATA.txt for data about the calculation
 Ion    = He   Energy = 3000 keV
============= TARGET MATERIAL ======================================
Layer  1 : None
Layer Width = 20000.E+00 AAA ;
  Layer # 1- Density = 9.341E22 atoms/cm3 = 8.9 g/cm3
  Layer # 1- Ce = 33.3 Atomic Percent = 81.4 Mass Percent
  Layer # 1-  O = 66.6 Atomic Percent = 18.5 Mass Percent
====================================================================
 Total Ions calculated =4.33
===========================================================
  Table Energy Units are  >>>>  eV /(Angstrom-Ion)  <<<<  
===========================================================
   DEPTH       ENERGY       ENERGY    
   DEPTH        from        Absorbed  
   (Ang.)       IONS        by Recoils
----------   ------------  -----------
200010.E-03  0000.00E+00  0000.00E+00
400010.E-03  0000.00E+00  0000.00E+00
600010.E-03  0000.00E+00  0000.00E+00
800010.E-03  0000.00E+00  0000.00E+00
100001.E-02  0000.00E+00  0000.00E+00
120001.E-02  0000.00E+00  0000.00E+00
140001.E-02  0000.00E+00  0000.00E+00
160001.E-02  0000.00E+00  0000.00E+00
180001.E-02  0000.00E+00  0000.00E+00
200001.E-02  0000.00E+00  0000.00E+00
220001.E-02  3607.46E-06  3607.46E-06
240001.E-02  6187.30E-06  6187.30E-06
260001.E-02  6187.30E-06  6187.30E-06
280001.E-02  6187.30E-06  6187.30E-06
300001.E-02  6187.30E-06  6187.30E-06
320001.E-02  6187.30E-06  6187.30E-06
340001.E-02  6187.30E-06  6187.30E-06
360001.E-02  -1578.39E-06 7331.26E-07
380001.E-02  0000.00E+00  0000.00E+00
400001.E-02  0000.00E+00  0000.00E+00
420001.E-02  0000.00E+00  0000.00E+00
440001.E-02  0000.00E+00  0000.00E+00
460001.E-02  2557.62E-06  2557.62E-06
480001.E-02  9706.47E-06  9706.47E-06
500001.E-02  1705.28E-05  1705.28E-05
520001.E-02  1705.28E-05  1705.28E-05
540001.E-02  1705.28E-05  1705.28E-05
560001.E-02  1705.28E-05  1705.28E-05
580001.E-02  1705.28E-05  1705.28E-05
600001.E-02  9297.27E-06  1160.88E-05
620001.E-02  2153.41E-06  2153.41E-06
640001.E-02  0000.00E+00  0000.00E+00
660001.E-02  0000.00E+00  0000.00E+00
680001.E-02  0000.00E+00  0000.00E+00
700001.E-02  0000.00E+00  0000.00E+00
720001.E-02  0000.00E+00  0000.00E+00
740001.E-02  0000.00E+00  0000.00E+00
760001.E-02  0000.00E+00  0000.00E+00
780001.E-02  0000.00E+00  0000.00E+00
800001.E-02  0000.00E+00  0000.00E+00
820001.E-02  0000.00E+00  0000.00E+00
840001.E-02  7163.06E-06  7163.06E-06
860001.E-02  2593.03E-05  2593.03E-05
880001.E-02  2593.03E-05  2593.03E-05
900001.E-02  2593.03E-05  2593.03E-05
920001.E-02  2593.03E-05  2593.03E-05
940001.E-02  2593.03E-05  2593.03E-05
960001.E-02  2253.78E-05  2484.93E-05
980001.E-02  0000.00E+00  0000.00E+00
100000.E-01  6705.41E-06  6705.41E-06
102000.E-01  7233.57E-06  7233.57E-06
104000.E-01  7233.57E-06  7233.57E-06
106000.E-01  7233.57E-06  7233.57E-06
108000.E-01  7233.57E-06  7233.57E-06
110000.E-01  7233.57E-06  7233.57E-06
112000.E-01  1060.69E-06  1060.69E-06
114000.E-01  0000.00E+00  0000.00E+00
116000.E-01  0000.00E+00  0000.00E+00
118000.E-01  0000.00E+00  0000.00E+00
120000.E-01  0000.00E+00  0000.00E+00
122000.E-01  0000.00E+00  0000.00E+00
124000.E-01  0000.00E+00  0000.00E+00
126000.E-01  0000.00E+00  0000.00E+00
128000.E-01  0000.00E+00  0000.00E+00
130000.E-01  0000.00E+00  0000.00E+00
132000.E-01  0000.00E+00  0000.00E+00
134000.E-01  0000.00E+00  0000.00E+00
136000.E-01  0000.00E+00  0000.00E+00
138000.E-01  0000.00E+00  0000.00E+00
140000.E-01  0000.00E+00  0000.00E+00
142000.E-01  0000.00E+00  0000.00E+00
144000.E-01  0000.00E+00  0000.00E+00
146000.E-01  0000.00E+00  0000.00E+00
148000.E-01  0000.00E+00  0000.00E+00
150000.E-01  0000.00E+00  0000.00E+00
152000.E-01  0000.00E+00  0000.00E+00
154000.E-01  0000.00E+00  0000.00E+00
156000.E-01  0000.00E+00  0000.00E+00
158000.E-01  2973.71E-05  2973.71E-05
160000.E-01  5631.12E-05  5631.12E-05
162000.E-01  5631.12E-05  5631.12E-05
164000.E-01  5631.12E-05  5631.12E-05
166000.E-01  5631.12E-05  5631.12E-05
168000.E-01  5631.12E-05  5631.12E-05
170000.E-01  9365.40E-07  9365.40E-07
172000.E-01  0000.00E+00  0000.00E+00
174000.E-01  0000.00E+00  0000.00E+00
176000.E-01  0000.00E+00  0000.00E+00
178000.E-01  0000.00E+00  0000.00E+00
180000.E-01  0000.00E+00  0000.00E+00
182000.E-01  0000.00E+00  0000.00E+00
184000.E-01  0000.00E+00  0000.00E+00
186000.E-01  0000.00E+00  0000.00E+00
188000.E-01  0000.00E+00  0000.00E+00
190000.E-01  8118.49E-06  8118.49E-06
192000.E-01  1053.01E-05  1053.01E-05
194000.E-01  1053.01E-05  1053.01E-05
196000.E-01  1053.01E-05  1053.01E-05
198000.E-01  1053.01E-05  1053.01E-05
200000.E-01  3128.10E-06  5439.62E-06
