====== pysrim run =======
        SRIM-2013.00
=======================================
    Energy transferred to RECOILS      
 See SRIM Outputs\TDATA.txt for calc. details 
=======================================
--------------------------------------------------------------------
    Recoil/Damage Calculations made with Kinchin-Pease Estimates    
--------------------------------------------------------------------
 See file: SRIM Outputs\TDATA.txt for data about the calculation
 Ion    = He   Energy = 3000 keV
============= TARGET MATERIAL ======================================
Layer  1 : None
Layer Width = 20000.E+00 AAA ;
  Layer # 1- Density = 9.341E22 atoms/cm3 = 8.9 g/cm3
  Layer # 1- Ce = 33.3 Atomic Percent = 81.4 Mass Percent
  Layer # 1-  O = 66.6 Atomic Percent = 18.5 Mass Percent
====================================================================
 Total Ions calculated =4.32
===========================================================
  Table Energy Units are  >>>>  eV /(Angstrom-Ion)  <<<<  
===========================================================
   DEPTH       ENERGY       ENERGY    
   DEPTH        from        Absorbed  
   (Ang.)       IONS        by Recoils
----------   ------------  -----------
200010.E-03  0000.00E+00  0000.00E+00
400010.E-03  0000.00E+00  0000.00E+00
600010.E-03  0000.00E+00  0000.00E+00
800010.E-03  0000.00E+00  0000.00E+00
100001.E-02  0000.00E+00  0000.00E+00
120001.E-02  0000.00E+00  0000.00E+00
140001.E-02  0000.00E+00  0000.00E+00
160001.E-02  0000.00E+00  0000.00E+00
180001.E-02  0000.00E+00  0000.00E+00
200001.E-02  0000.00E+00  0000.00E+00
220001.E-02  0000.00E+00  0000.00E+00
240001.E-02  0000.00E+00  0000.00E+00
260001.E-02  0000.00E+00  0000.00E+00
280001.E-02  0000.00E+00  0000.00E+00
300001.E-02  0000.00E+00  0000.00E+00
320001.E-02  0000.00E+00  0000.00E+00
340001.E-02  3390.00E-06  3390.00E-06
360001.E-02  5572.09E-06  5572.09E-06
380001.E-02  5572.09E-06  5572.09E-06
400001.E-02  5572.09E-06  5572.09E-06
420001.E-02  5572.09E-06  5572.09E-06
440001.E-02  5572.09E-06  5572.09E-06
460001.E-02  7105.76E-06  7105.76E-06
480001.E-02  6204.96E-06  6204.96E-06
500001.E-02  6168.31E-06  6168.31E-06
520001.E-02  6168.31E-06  6168.31E-06
540001.E-02  6168.31E-06  6168.31E-06
560001.E-02  6168.31E-06  6168.31E-06
580001.E-02  6168.31E-06  6168.31E-06
600001.E-02  7824.09E-06  7824.09E-06
620001.E-02  8440.56E-06  8440.56E-06
640001.E-02  8440.56E-06  8440.56E-06
660001.E-02  1736.70E-05  1736.70E-05
680001.E-02  2038.70E-05  2038.70E-05
700001.E-02  2038.70E-05  2038.70E-05
720001.E-02  1770.50E-05  1770.50E-05
740001.E-02  1194.64E-05  1194.64E-05
760001.E-02  1194.64E-05  1194.64E-05
780001.E-02  7290.61E-06  9604.73E-06
800001.E-02  6454.52E-06  6454.52E-06
820001.E-02  6454.52E-06  6454.52E-06
840001.E-02  6454.52E-06  6454.52E-06
860001.E-02  6454.52E-06  6454.52E-06
880001.E-02  6454.52E-06  6454.52E-06
900001.E-02  5136.52E-06  5136.52E-06
920001.E-02  0000.00E+00  0000.00E+00
940001.E-02  0000.00E+00  0000.00E+00
960001.E-02  0000.00E+00  0000.00E+00
980001.E-02  0000.00E+00  0000.00E+00
100000.E-01  0000.00E+00  0000.00E+00
102000.E-01  0000.00E+00  0000.00E+00
104000.E-01  0000.00E+00  0000.00E+00
106000.E-01  0000.00E+00  0000.00E+00
108000.E-01  0000.00E+00  0000.00E+00
110000.E-01  0000.00E+00  0000.00E+00
112000.E-01  0000.00E+00  0000.00E+00
114000.E-01  2724.09E-06  2724.09E-06
116000.E-01  4846.17E-05  4846.17E-05
118000.E-01  4846.17E-05  4846.17E-05
120000.E-01  4846.17E-05  4846.17E-05
122000.E-01  4846.17E-05  4846.17E-05
124000.E-01  4846.17E-05  4846.17E-05
126000.E-01  4231.18E-05  4231.18E-05
128000.E-01  0000.00E+00  0000.00E+00
130000.E-01  0000.00E+00  0000.00E+00
132000.E-01  0000.00E+00  0000.00E+00
134000.E-01  0000.00E+00  0000.00E+00
136000.E-01  0000.00E+00  0000.00E+00
138000.E-01  1989.52E-06  1989.52E-06
140000.E-01  6501.69E-06  6501.69E-06
142000.E-01  6501.69E-06  6501.69E-06
144000.E-01  6501.69E-06  6501.69E-06
146000.E-01  6501.69E-06  6501.69E-06
148000.E-01  6501.69E-06  6501.69E-06
150000.E-01  2733.58E-06  2733.58E-06
152000.E-01  0000.00E+00  0000.00E+00
154000.E-01  0000.00E+00  0000.00E+00
156000.E-01  0000.00E+00  0000.00E+00
158000.E-01  3790.61E-06  3790.61E-06
160000.E-01  1914.46E-05  1914.46E-05
162000.E-01  1914.46E-05  1914.46E-05
164000.E-01  1914.46E-05  1914.46E-05
166000.E-01  1914.46E-05  1914.46E-05
168000.E-01  4223.34E-05  4223.34E-05
170000.E-01  3316.72E-05  3548.13E-05
172000.E-01  2870.29E-05  2870.29E-05
174000.E-01  2870.29E-05  2870.29E-05
176000.E-01  2870.29E-05  2870.29E-05
178000.E-01  1907.16E-05  1907.16E-05
180000.E-01  0000.00E+00  0000.00E+00
182000.E-01  0000.00E+00  0000.00E+00
184000.E-01  0000.00E+00  0000.00E+00
186000.E-01  0000.00E+00  0000.00E+00
188000.E-01  0000.00E+00  0000.00E+00
190000.E-01  0000.00E+00  0000.00E+00
192000.E-01  0000.00E+00  0000.00E+00
194000.E-01  0000.00E+00  0000.00E+00
196000.E-01  0000.00E+00  0000.00E+00
198000.E-01  0000.00E+00  0000.00E+00
200000.E-01  0000.00E+00  0000.00E+00
