====== pysrim run =======
        SRIM-2013.00
=======================================
    Energy transferred to RECOILS      
 See SRIM Outputs\TDATA.txt for calc. details 
=======================================
--------------------------------------------------------------------
    Recoil/Damage Calculations made with Kinchin-Pease Estimates    
--------------------------------------------------------------------
 See file: SRIM Outputs\TDATA.txt for data about the calculation
 Ion    = He   Energy = 2000 keV
============= TARGET MATERIAL ======================================
Layer  1 : None
Layer Width = 20000.E+00 AAA ;
  Layer # 1- Density = 9.341E22 atoms/cm3 = 8.9 g/cm3
  Layer # 1- Ce = 33.3 Atomic Percent = 81.4 Mass Percent
  Layer # 1-  O = 66.6 Atomic Percent = 18.5 Mass Percent
====================================================================
 Total Ions calculated =4.62
===========================================================
  Table Energy Units are  >>>>  eV /(Angstrom-Ion)  <<<<  
===========================================================
   DEPTH       ENERGY       ENERGY    
   DEPTH        from        Absorbed  
   (Ang.)       IONS        by Recoils
----------   ------------  -----------
200010.E-03  7898.72E-06  7898.72E-06
400010.E-03  1889.54E-05  1889.54E-05
600010.E-03  1889.54E-05  1889.54E-05
800010.E-03  1889.54E-05  1889.54E-05
100001.E-02  1889.54E-05  1889.54E-05
120001.E-02  5569.99E-06  5569.99E-06
140001.E-02  0000.00E+00  0000.00E+00
160001.E-02  0000.00E+00  0000.00E+00
180001.E-02  0000.00E+00  0000.00E+00
200001.E-02  0000.00E+00  0000.00E+00
220001.E-02  2070.37E-06  2070.37E-06
240001.E-02  8746.91E-06  8746.91E-06
260001.E-02  8746.91E-06  8746.91E-06
280001.E-02  8746.91E-06  8746.91E-06
300001.E-02  8746.91E-06  8746.91E-06
320001.E-02  1813.36E-05  1813.36E-05
340001.E-02  3478.76E-05  3478.76E-05
360001.E-02  3478.76E-05  3478.76E-05
380001.E-02  3478.76E-05  3478.76E-05
400001.E-02  5285.10E-05  5285.10E-05
420001.E-02  9024.17E-05  9024.17E-05
440001.E-02  7615.37E-05  7615.37E-05
460001.E-02  7615.37E-05  7615.37E-05
480001.E-02  7615.37E-05  7615.37E-05
500001.E-02  3274.00E-05  3274.00E-05
520001.E-02  0000.00E+00  0000.00E+00
540001.E-02  0000.00E+00  0000.00E+00
560001.E-02  7881.70E-06  7881.70E-06
580001.E-02  9945.76E-06  9945.76E-06
600001.E-02  1765.59E-05  1765.59E-05
620001.E-02  1850.91E-05  1850.91E-05
640001.E-02  1556.31E-05  1556.31E-05
660001.E-02  8563.36E-06  8563.36E-06
680001.E-02  6974.82E-05  6974.82E-05
700001.E-02  1071.69E-04  1071.69E-04
720001.E-02  1071.69E-04  1071.69E-04
740001.E-02  1071.69E-04  1071.69E-04
760001.E-02  7680.82E-05  7897.13E-05
780001.E-02  0000.00E+00  0000.00E+00
800001.E-02  0000.00E+00  0000.00E+00
820001.E-02  0000.00E+00  0000.00E+00
840001.E-02  4546.08E-07  4546.08E-07
860001.E-02  7805.84E-05  7805.84E-05
880001.E-02  8278.77E-05  8278.77E-05
900001.E-02  8278.77E-05  8278.77E-05
920001.E-02  8278.77E-05  8278.77E-05
940001.E-02  1853.81E-05  1853.81E-05
960001.E-02  1174.43E-05  1174.43E-05
980001.E-02  2243.64E-05  2243.64E-05
100000.E-01  4206.18E-05  4206.18E-05
102000.E-01  3759.98E-05  3976.28E-05
104000.E-01  3031.74E-05  3031.74E-05
106000.E-01  1675.26E-05  1891.57E-05
108000.E-01  0000.00E+00  0000.00E+00
110000.E-01  3120.91E-05  3120.91E-05
112000.E-01  8234.11E-05  8234.11E-05
114000.E-01  8234.11E-05  8234.11E-05
116000.E-01  8203.62E-05  8203.62E-05
118000.E-01  3672.95E-05  3889.25E-05
120000.E-01  0000.00E+00  0000.00E+00
122000.E-01  0000.00E+00  0000.00E+00
124000.E-01  0000.00E+00  0000.00E+00
126000.E-01  0000.00E+00  0000.00E+00
128000.E-01  0000.00E+00  0000.00E+00
130000.E-01  0000.00E+00  0000.00E+00
132000.E-01  6605.06E-06  6605.06E-06
134000.E-01  1043.41E-05  1043.41E-05
136000.E-01  1043.41E-05  1043.41E-05
138000.E-01  1083.43E-05  1083.43E-05
140000.E-01  1089.39E-05  1089.39E-05
142000.E-01  1089.39E-05  1089.39E-05
144000.E-01  1089.39E-05  1089.39E-05
146000.E-01  3006.67E-06  3006.67E-06
148000.E-01  0000.00E+00  0000.00E+00
150000.E-01  0000.00E+00  0000.00E+00
152000.E-01  0000.00E+00  0000.00E+00
154000.E-01  2186.86E-07  2186.86E-07
156000.E-01  1071.30E-05  1071.30E-05
158000.E-01  2300.05E-05  2300.05E-05
160000.E-01  8825.91E-05  8825.91E-05
162000.E-01  8022.83E-05  8022.83E-05
164000.E-01  7677.47E-05  7677.47E-05
166000.E-01  0000.00E+00  0000.00E+00
168000.E-01  0000.00E+00  0000.00E+00
170000.E-01  2178.23E-07  2178.23E-07
172000.E-01  8121.36E-05  8121.36E-05
174000.E-01  2248.56E-04  2248.56E-04
176000.E-01  3521.18E-04  3521.18E-04
178000.E-01  2777.91E-04  2777.91E-04
180000.E-01  1301.54E-04  1301.54E-04
182000.E-01  0000.00E+00  0000.00E+00
184000.E-01  0000.00E+00  0000.00E+00
186000.E-01  0000.00E+00  0000.00E+00
188000.E-01  0000.00E+00  0000.00E+00
190000.E-01  0000.00E+00  0000.00E+00
192000.E-01  1350.40E-04  1350.40E-04
194000.E-01  2462.88E-04  2462.88E-04
196000.E-01  2167.69E-04  2189.32E-04
198000.E-01  5125.61E-05  5125.61E-05
200000.E-01  0000.00E+00  0000.00E+00
