====== pysrim run =======
        SRIM-2013.00
=======================================
    Energy transferred to RECOILS      
 See SRIM Outputs\TDATA.txt for calc. details 
=======================================
--------------------------------------------------------------------
    Recoil/Damage Calculations made with Kinchin-Pease Estimates    
--------------------------------------------------------------------
 See file: SRIM Outputs\TDATA.txt for data about the calculation
 Ion    = He   Energy = 3000 keV
============= TARGET MATERIAL ======================================
Layer  1 : None
Layer Width = 20000.E+00 AAA ;
  Layer # 1- Density = 9.341E22 atoms/cm3 = 8.9 g/cm3
  Layer # 1- Ce = 33.3 Atomic Percent = 81.4 Mass Percent
  Layer # 1-  O = 66.6 Atomic Percent = 18.5 Mass Percent
====================================================================
 Total Ions calculated =4.34
===========================================================
  Table Energy Units are  >>>>  eV /(Angstrom-Ion)  <<<<  
===========================================================
   DEPTH       ENERGY       ENERGY    
   DEPTH        from        Absorbed  
   (Ang.)       IONS        by Recoils
----------   ------------  -----------
200010.E-03  0000.00E+00  0000.00E+00
400010.E-03  0000.00E+00  0000.00E+00
600010.E-03  0000.00E+00  0000.00E+00
800010.E-03  0000.00E+00  0000.00E+00
100001.E-02  0000.00E+00  0000.00E+00
120001.E-02  0000.00E+00  0000.00E+00
140001.E-02  0000.00E+00  0000.00E+00
160001.E-02  0000.00E+00  0000.00E+00
180001.E-02  0000.00E+00  0000.00E+00
200001.E-02  0000.00E+00  0000.00E+00
220001.E-02  0000.00E+00  0000.00E+00
240001.E-02  6758.68E-06  6758.68E-06
260001.E-02  7811.65E-06  7811.65E-06
280001.E-02  7811.65E-06  7811.65E-06
300001.E-02  7811.65E-06  7811.65E-06
320001.E-02  7811.65E-06  7811.65E-06
340001.E-02  7811.65E-06  7811.65E-06
360001.E-02  4196.49E-06  6501.37E-06
380001.E-02  0000.00E+00  0000.00E+00
400001.E-02  0000.00E+00  0000.00E+00
420001.E-02  0000.00E+00  0000.00E+00
440001.E-02  0000.00E+00  0000.00E+00
460001.E-02  0000.00E+00  0000.00E+00
480001.E-02  0000.00E+00  0000.00E+00
500001.E-02  0000.00E+00  0000.00E+00
520001.E-02  0000.00E+00  0000.00E+00
540001.E-02  0000.00E+00  0000.00E+00
560001.E-02  0000.00E+00  0000.00E+00
580001.E-02  0000.00E+00  0000.00E+00
600001.E-02  0000.00E+00  0000.00E+00
620001.E-02  0000.00E+00  0000.00E+00
640001.E-02  0000.00E+00  0000.00E+00
660001.E-02  0000.00E+00  0000.00E+00
680001.E-02  0000.00E+00  0000.00E+00
700001.E-02  0000.00E+00  0000.00E+00
720001.E-02  0000.00E+00  0000.00E+00
740001.E-02  0000.00E+00  0000.00E+00
760001.E-02  0000.00E+00  0000.00E+00
780001.E-02  0000.00E+00  0000.00E+00
800001.E-02  0000.00E+00  0000.00E+00
820001.E-02  0000.00E+00  0000.00E+00
840001.E-02  0000.00E+00  0000.00E+00
860001.E-02  0000.00E+00  0000.00E+00
880001.E-02  2274.96E-05  2274.96E-05
900001.E-02  6014.08E-05  6014.08E-05
920001.E-02  6014.08E-05  6014.08E-05
940001.E-02  6014.08E-05  6014.08E-05
960001.E-02  6014.08E-05  6014.08E-05
980001.E-02  6014.08E-05  6014.08E-05
100000.E-01  4733.61E-05  4733.61E-05
102000.E-01  0000.00E+00  0000.00E+00
104000.E-01  0000.00E+00  0000.00E+00
106000.E-01  0000.00E+00  0000.00E+00
108000.E-01  0000.00E+00  0000.00E+00
110000.E-01  0000.00E+00  0000.00E+00
112000.E-01  0000.00E+00  0000.00E+00
114000.E-01  0000.00E+00  0000.00E+00
116000.E-01  0000.00E+00  0000.00E+00
118000.E-01  0000.00E+00  0000.00E+00
120000.E-01  0000.00E+00  0000.00E+00
122000.E-01  0000.00E+00  0000.00E+00
124000.E-01  0000.00E+00  0000.00E+00
126000.E-01  0000.00E+00  0000.00E+00
128000.E-01  0000.00E+00  0000.00E+00
130000.E-01  0000.00E+00  0000.00E+00
132000.E-01  0000.00E+00  0000.00E+00
134000.E-01  0000.00E+00  0000.00E+00
136000.E-01  0000.00E+00  0000.00E+00
138000.E-01  0000.00E+00  0000.00E+00
140000.E-01  0000.00E+00  0000.00E+00
142000.E-01  0000.00E+00  0000.00E+00
144000.E-01  4531.16E-07  4531.16E-07
146000.E-01  1213.42E-04  1213.42E-04
148000.E-01  1245.50E-04  1245.50E-04
150000.E-01  1245.50E-04  1245.50E-04
152000.E-01  1245.50E-04  1245.50E-04
154000.E-01  1245.50E-04  1245.50E-04
156000.E-01  9266.85E-05  9266.85E-05
158000.E-01  0000.00E+00  0000.00E+00
160000.E-01  0000.00E+00  0000.00E+00
162000.E-01  0000.00E+00  0000.00E+00
164000.E-01  0000.00E+00  0000.00E+00
166000.E-01  0000.00E+00  0000.00E+00
168000.E-01  0000.00E+00  0000.00E+00
170000.E-01  0000.00E+00  0000.00E+00
172000.E-01  0000.00E+00  0000.00E+00
174000.E-01  0000.00E+00  0000.00E+00
176000.E-01  0000.00E+00  0000.00E+00
178000.E-01  0000.00E+00  0000.00E+00
180000.E-01  0000.00E+00  0000.00E+00
182000.E-01  0000.00E+00  0000.00E+00
184000.E-01  5427.07E-06  5427.07E-06
186000.E-01  7474.47E-06  7474.47E-06
188000.E-01  7474.47E-06  7474.47E-06
190000.E-01  7474.47E-06  7474.47E-06
192000.E-01  7474.47E-06  7474.47E-06
194000.E-01  3932.41E-06  3932.41E-06
196000.E-01  0000.00E+00  0000.00E+00
198000.E-01  0000.00E+00  0000.00E+00
200000.E-01  0000.00E+00  0000.00E+00
