====== pysrim run =======
        SRIM-2013.00
========================================
      Ion and Recoil IONIZATION     
 See SRIM Outputs\TDATA.txt for details   
========================================
--------------------------------------------------------------------
    Recoil/Damage Calculations made with Kinchin-Pease Estimates    
--------------------------------------------------------------------
 See file :  SRIM Outputs\TDATA.txt   for calculation data
 Ion    = He   Energy = 1000 keV
============= TARGET MATERIAL ======================================
Layer 1 : None
Layer Width = 20000.E+00 A ;
  Layer # 1- Density = 9.341E22 atoms/cm3 = 8.9 g/cm3
  Layer # 1- Ce = 33.3 Atomic Percent = 81.4 Mass Percent
  Layer # 1-  O = 66.6 Atomic Percent = 18.5 Mass Percent
====================================================================
 Total Ions calculated =000005.00
===============================================================
  Ionization Energy Units are  >>>>  eV /(Angstrom-Ion)  <<<<  
===============================================================
---------------------------------------------------------------
-  NOTE: Because of the application of straggling to the ion  -
-  energy, Ionization is not accurate for less than 20 ions!  -
---------------------------------------------------------------

  TARGET       IONIZ.       IONIZ.  
  DEPTH         by           by     
  (Ang)        IONS         RECOILS 
-----------  -----------  -----------
200010.E-03  7120.86E-02  0000.00E+00
400010.E-03  7167.74E-02  7144.11E-07
600010.E-03  6961.37E-02  6563.28E-07
800010.E-03  6885.42E-02  1583.93E-06
100001.E-02  7055.83E-02  0000.00E+00
120001.E-02  7108.79E-02  1028.75E-06
140001.E-02  7257.38E-02  2215.33E-05
160001.E-02  7369.00E-02  0000.00E+00
180001.E-02  7264.24E-02  1181.60E-06
200001.E-02  7216.56E-02  5180.49E-07
220001.E-02  7204.55E-02  0000.00E+00
240001.E-02  7430.16E-02  1574.07E-06
260001.E-02  7565.30E-02  6703.51E-04
280001.E-02  7551.87E-02  9458.96E-07
300001.E-02  7770.19E-02  1181.12E-06
320001.E-02  7712.21E-02  1094.03E-05
340001.E-02  7554.65E-02  7794.38E-07
360001.E-02  7004.24E-02  1030.44E-05
380001.E-02  6968.18E-02  0000.00E+00
400001.E-02  7065.30E-02  9714.43E-06
420001.E-02  7687.95E-02  4996.50E-06
440001.E-02  8066.88E-02  1755.63E-07
460001.E-02  7975.55E-02  7355.09E-05
480001.E-02  7975.59E-02  7276.71E-07
500001.E-02  7995.38E-02  6680.34E-06
520001.E-02  8028.51E-02  3563.35E-06
540001.E-02  7841.97E-02  3201.89E-06
560001.E-02  7978.09E-02  1168.68E-05
580001.E-02  8304.68E-02  9424.62E-07
600001.E-02  8340.41E-02  6745.10E-06
620001.E-02  8173.36E-02  4130.65E-06
640001.E-02  8245.63E-02  3137.91E-05
660001.E-02  7983.09E-02  1621.58E-07
680001.E-02  7777.27E-02  1082.99E-05
700001.E-02  7689.07E-02  1669.39E-06
720001.E-02  7850.41E-02  7911.57E-06
740001.E-02  8018.28E-02  8851.43E-07
760001.E-02  7811.10E-02  2578.52E-06
780001.E-02  7174.65E-02  1075.41E-05
800001.E-02  7068.60E-02  3317.89E-06
820001.E-02  7160.15E-02  1248.83E-05
840001.E-02  7547.80E-02  8346.91E-06
860001.E-02  7662.44E-02  2011.76E-06
880001.E-02  7389.56E-02  2863.50E-06
900001.E-02  7418.55E-02  1731.19E-05
920001.E-02  7511.57E-02  1787.90E-05
940001.E-02  6796.76E-02  6120.16E-07
960001.E-02  6328.62E-02  5093.00E-06
980001.E-02  5873.90E-02  5377.87E-06
100000.E-01  5945.74E-02  2119.44E-05
102000.E-01  6055.30E-02  7260.64E-06
104000.E-01  6008.69E-02  2390.59E-06
106000.E-01  6183.92E-02  1384.38E-05
108000.E-01  5748.38E-02  4246.67E-06
110000.E-01  5365.84E-02  1381.98E-05
112000.E-01  5482.14E-02  2735.63E-06
114000.E-01  5039.48E-02  2094.96E-05
116000.E-01  5432.41E-02  5273.43E-06
118000.E-01  4731.14E-02  2390.05E-05
120000.E-01  4290.82E-02  1511.33E-05
122000.E-01  5179.38E-02  2228.70E-05
124000.E-01  4655.96E-02  3125.08E-05
126000.E-01  3031.77E-02  5602.21E-05
128000.E-01  3898.67E-02  8903.38E-06
130000.E-01  3682.94E-02  1078.64E-05
132000.E-01  3895.23E-02  1566.38E-05
134000.E-01  3524.75E-02  8312.87E-05
136000.E-01  3857.60E-02  2834.81E-05
138000.E-01  2910.89E-02  2559.24E-05
140000.E-01  3664.97E-02  9553.24E-05
142000.E-01  3268.55E-02  4616.94E-05
144000.E-01  3208.73E-02  7227.29E-05
146000.E-01  2389.97E-02  5607.61E-05
148000.E-01  3764.62E-02  6961.27E-05
150000.E-01  3306.90E-02  1109.51E-04
152000.E-01  2828.51E-02  2018.46E-04
154000.E-01  2706.89E-02  6283.66E-04
156000.E-01  2264.04E-02  1985.05E-04
158000.E-01  2237.97E-02  2287.14E-04
160000.E-01  3020.80E-02  3729.70E-04
162000.E-01  1292.11E-02  3659.17E-04
164000.E-01  8890.87E-03  7961.87E-05
166000.E-01  3166.01E-03  1927.22E-04
168000.E-01  0000.00E+00  0000.00E+00
170000.E-01  0000.00E+00  0000.00E+00
172000.E-01  0000.00E+00  0000.00E+00
174000.E-01  0000.00E+00  0000.00E+00
176000.E-01  0000.00E+00  0000.00E+00
178000.E-01  0000.00E+00  0000.00E+00
180000.E-01  0000.00E+00  0000.00E+00
182000.E-01  0000.00E+00  0000.00E+00
184000.E-01  0000.00E+00  0000.00E+00
186000.E-01  0000.00E+00  0000.00E+00
188000.E-01  0000.00E+00  0000.00E+00
190000.E-01  0000.00E+00  0000.00E+00
192000.E-01  0000.00E+00  0000.00E+00
194000.E-01  0000.00E+00  0000.00E+00
196000.E-01  0000.00E+00  0000.00E+00
198000.E-01  0000.00E+00  0000.00E+00
200000.E-01  0000.00E+00  0000.00E+00
