====== pysrim run =======
        SRIM-2013.00
======================================== 
       Ion and Recoil PHONONS        
 See SRIM Outputs\TDATA.txt for calc. details
======================================== 
--------------------------------------------------------------------
    Recoil/Damage Calculations made with Kinchin-Pease Estimates    
--------------------------------------------------------------------
 See file :  SRIM Outputs\TDATA.txt calculation data
 Ion    = He   Energy = 1000 keV
============= TARGET MATERIAL ======================================
Layer  1 : None
Layer Width =     2.E+04 AAA ;
  Layer # 1- Density = 9.341E22 atoms/cm3 = 8.9 g/cm3
  Layer # 1- Ce = 33.3 Atomic Percent = 81.4 Mass Percent
  Layer # 1-  O = 66.6 Atomic Percent = 18.5 Mass Percent
====================================================================
 Total Ions calculated =5.00
========================================================
  Table Units are  >>>> Phonons /(Angstrom-Ion)  <<<<  
========================================================
  DEPTH       PHONONS     PHONONS    
  (Ang.)      by ION      by RECOILS 
-----------  -----------  -----------
200010.E-03  789439.E-08  377102.E-09
400010.E-03  983733.E-08  871241.E-08
600010.E-03  109640.E-07  799935.E-08
800010.E-03  153197.E-07  166829.E-07
100001.E-02  108702.E-07  000000.E+00
120001.E-02  110925.E-07  112467.E-07
140001.E-02  101544.E-07  145061.E-06
160001.E-02  720378.E-08  000000.E+00
180001.E-02  869010.E-08  126666.E-07
200001.E-02  812867.E-08  665070.E-08
220001.E-02  700047.E-08  000000.E+00
240001.E-02  749730.E-08  155245.E-07
260001.E-02  178717.E-07  249625.E-05
280001.E-02  274545.E-07  951386.E-08
300001.E-02  239582.E-07  115033.E-07
320001.E-02  812169.E-08  896361.E-07
340001.E-02  312388.E-08  869592.E-08
360001.E-02  190744.E-08  798762.E-07
380001.E-02  768918.E-08  000000.E+00
400001.E-02  858682.E-08  764876.E-07
420001.E-02  110714.E-07  448044.E-07
440001.E-02  139901.E-07  225305.E-08
460001.E-02  171451.E-07  445258.E-06
480001.E-02  225938.E-07  760250.E-08
500001.E-02  279680.E-07  515795.E-07
520001.E-02  200660.E-07  326816.E-07
540001.E-02  145993.E-07  281615.E-07
560001.E-02  880714.E-08  848865.E-07
580001.E-02  882670.E-08  104838.E-07
600001.E-02  780348.E-08  521634.E-07
620001.E-02  922669.E-08  357006.E-07
640001.E-02  197328.E-07  195859.E-06
660001.E-02  208664.E-07  210504.E-08
680001.E-02  192228.E-07  868252.E-07
700001.E-02  252610.E-07  176772.E-07
720001.E-02  194079.E-07  644213.E-07
740001.E-02  193670.E-07  105055.E-07
760001.E-02  265757.E-07  254494.E-07
780001.E-02  265317.E-07  803096.E-07
800001.E-02  123801.E-07  313655.E-07
820001.E-02  107405.E-07  969525.E-07
840001.E-02  194684.E-07  660840.E-07
860001.E-02  327922.E-07  206704.E-07
880001.E-02  261230.E-07  255803.E-07
900001.E-02  321005.E-07  123116.E-06
920001.E-02  248788.E-07  132202.E-06
940001.E-02  127543.E-07  715696.E-08
960001.E-02  415413.E-07  454561.E-07
980001.E-02  362660.E-07  485962.E-07
100000.E-01  448811.E-07  149899.E-06
102000.E-01  576835.E-07  651546.E-07
104000.E-01  347923.E-07  222156.E-07
106000.E-01  344278.E-07  105862.E-06
108000.E-01  365406.E-07  417634.E-07
110000.E-01  324479.E-07  102890.E-06
112000.E-01  129594.E-07  276815.E-07
114000.E-01  512315.E-07  155063.E-06
116000.E-01  609335.E-07  509848.E-07
118000.E-01  164727.E-07  186258.E-06
120000.E-01  407331.E-07  108837.E-06
122000.E-01  468067.E-07  160904.E-06
124000.E-01  250685.E-07  219459.E-06
126000.E-01  402246.E-07  380171.E-06
128000.E-01  314682.E-07  718128.E-07
130000.E-01  649076.E-07  984011.E-07
132000.E-01  456766.E-07  130187.E-06
134000.E-01  479285.E-07  507795.E-06
136000.E-01  543709.E-07  209341.E-06
138000.E-01  625218.E-07  206509.E-06
140000.E-01  351159.E-06  723389.E-06
142000.E-01  254812.E-06  400834.E-06
144000.E-01  136470.E-06  527650.E-06
146000.E-01  133430.E-06  424007.E-06
148000.E-01  192849.E-06  540984.E-06
150000.E-01  185322.E-06  796142.E-06
152000.E-01  145077.E-06  138455.E-05
154000.E-01  140301.E-06  318525.E-05
156000.E-01  295813.E-06  130477.E-05
158000.E-01  413727.E-06  155980.E-05
160000.E-01  907525.E-06  262120.E-05
162000.E-01  584599.E-06  238344.E-05
164000.E-01  181565.E-06  584982.E-06
166000.E-01  313782.E-06  135563.E-05
168000.E-01  000000.E+00  000000.E+00
170000.E-01  000000.E+00  000000.E+00
172000.E-01  000000.E+00  000000.E+00
174000.E-01  000000.E+00  000000.E+00
176000.E-01  000000.E+00  000000.E+00
178000.E-01  000000.E+00  000000.E+00
180000.E-01  000000.E+00  000000.E+00
182000.E-01  000000.E+00  000000.E+00
184000.E-01  000000.E+00  000000.E+00
186000.E-01  000000.E+00  000000.E+00
188000.E-01  000000.E+00  000000.E+00
190000.E-01  000000.E+00  000000.E+00
192000.E-01  000000.E+00  000000.E+00
194000.E-01  000000.E+00  000000.E+00
196000.E-01  000000.E+00  000000.E+00
198000.E-01  000000.E+00  000000.E+00
200000.E-01  000000.E+00  000000.E+00
