====== pysrim run =======
        SRIM-2013.00
==========================================
    Ion and Target VACANCY production     
  See SRIM Outputs\TDATA.txt for calc. details
==========================================
--------------------------------------------------------------------
    Recoil/Damage Calculations made with Kinchin-Pease Estimates    
--------------------------------------------------------------------
 See file :  SRIM Outputs\TDATA.txt for calculation data
 Ion    = He   Energy = 1000 keV
============= TARGET MATERIAL ======================================
Layer  1 : None
Layer Width =     2.E+04 A ;
  Layer # 1- Density = 9.341E22 atoms/cm3 = 8.9 g/cm3
  Layer # 1- Ce = 33.3 Atomic Percent = 81.4 Mass Percent
  Layer # 1-  O = 66.6 Atomic Percent = 18.5 Mass Percent
====================================================================
 Total Ions calculated =5.00
 Total Target Vacancies     = 62 /Ion

==========================================================
  Table Units are  >>>> Vacancies/(Angstrom-Ion)  <<<<  
==========================================================
   TARGET     VACANCIES     VACANCIES 
   DEPTH         by            by     
   (Ang.)       IONS         RECOILS  
-----------  -----------  ------------
200010.E-03  0000.00E+00  0000.00E+00  
400010.E-03  0000.00E+00  0000.00E+00  
600010.E-03  0000.00E+00  0000.00E+00  
800010.E-03  0000.00E+00  0000.00E+00  
100001.E-02  0000.00E+00  0000.00E+00  
120001.E-02  0000.00E+00  0000.00E+00  
140001.E-02  1000.00E-06  7346.60E-07  
160001.E-02  0000.00E+00  0000.00E+00  
180001.E-02  0000.00E+00  0000.00E+00  
200001.E-02  0000.00E+00  0000.00E+00  
220001.E-02  0000.00E+00  0000.00E+00  
240001.E-02  0000.00E+00  0000.00E+00  
260001.E-02  2000.00E-06  3265.87E-05  
280001.E-02  0000.00E+00  0000.00E+00  
300001.E-02  0000.00E+00  0000.00E+00  
320001.E-02  1000.00E-06  0000.00E+00  
340001.E-02  0000.00E+00  0000.00E+00  
360001.E-02  2000.00E-06  0000.00E+00  
380001.E-02  0000.00E+00  0000.00E+00  
400001.E-02  1000.00E-06  0000.00E+00  
420001.E-02  0000.00E+00  0000.00E+00  
440001.E-02  0000.00E+00  0000.00E+00  
460001.E-02  2000.00E-06  3591.35E-06  
480001.E-02  0000.00E+00  0000.00E+00  
500001.E-02  1000.00E-06  0000.00E+00  
520001.E-02  0000.00E+00  0000.00E+00  
540001.E-02  0000.00E+00  0000.00E+00  
560001.E-02  1000.00E-06  4144.34E-08  
580001.E-02  0000.00E+00  0000.00E+00  
600001.E-02  1000.00E-06  0000.00E+00  
620001.E-02  0000.00E+00  0000.00E+00  
640001.E-02  1000.00E-06  1434.39E-06  
660001.E-02  0000.00E+00  0000.00E+00  
680001.E-02  1000.00E-06  0000.00E+00  
700001.E-02  0000.00E+00  0000.00E+00  
720001.E-02  1000.00E-06  0000.00E+00  
740001.E-02  0000.00E+00  0000.00E+00  
760001.E-02  0000.00E+00  0000.00E+00  
780001.E-02  1000.00E-06  0000.00E+00  
800001.E-02  0000.00E+00  0000.00E+00  
820001.E-02  1000.00E-06  0000.00E+00  
840001.E-02  1000.00E-06  0000.00E+00  
860001.E-02  0000.00E+00  0000.00E+00  
880001.E-02  0000.00E+00  0000.00E+00  
900001.E-02  1000.00E-06  3557.47E-07  
920001.E-02  1000.00E-06  1905.31E-07  
940001.E-02  0000.00E+00  0000.00E+00  
960001.E-02  1000.00E-06  0000.00E+00  
980001.E-02  0000.00E+00  0000.00E+00  
100000.E-01  1000.00E-06  5863.63E-07  
102000.E-01  0000.00E+00  0000.00E+00  
104000.E-01  0000.00E+00  0000.00E+00  
106000.E-01  1000.00E-06  5598.73E-08  
108000.E-01  0000.00E+00  0000.00E+00  
110000.E-01  1000.00E-06  2056.57E-08  
112000.E-01  0000.00E+00  0000.00E+00  
114000.E-01  2000.00E-06  4147.81E-09  
116000.E-01  0000.00E+00  0000.00E+00  
118000.E-01  3000.00E-06  0000.00E+00  
120000.E-01  1000.00E-06  1994.02E-07  
122000.E-01  1000.00E-06  4865.61E-07  
124000.E-01  2000.00E-06  5636.55E-07  
126000.E-01  3000.00E-06  1578.29E-06  
128000.E-01  1000.00E-06  0000.00E+00  
130000.E-01  1000.00E-06  0000.00E+00  
132000.E-01  2000.00E-06  0000.00E+00  
134000.E-01  3000.00E-06  3598.03E-06  
136000.E-01  2000.00E-06  5226.55E-07  
138000.E-01  2000.00E-06  0000.00E+00  
140000.E-01  4000.00E-06  1996.58E-06  
142000.E-01  4000.00E-06  0000.00E+00  
144000.E-01  5000.00E-06  1032.85E-06  
146000.E-01  4000.00E-06  8453.46E-07  
148000.E-01  5000.00E-06  8528.97E-07  
150000.E-01  8000.00E-06  2032.20E-06  
152000.E-01  1700.00E-05  4291.40E-06  
154000.E-01  1000.00E-05  3090.18E-05  
156000.E-01  1000.00E-05  6287.30E-06  
158000.E-01  1400.00E-05  6080.57E-06  
160000.E-01  2100.00E-05  8813.53E-06  
162000.E-01  1600.00E-05  1232.10E-05  
164000.E-01  4000.00E-06  1521.49E-06  
166000.E-01  1100.00E-05  4525.36E-06  
168000.E-01  0000.00E+00  0000.00E+00  
170000.E-01  0000.00E+00  0000.00E+00  
172000.E-01  0000.00E+00  0000.00E+00  
174000.E-01  0000.00E+00  0000.00E+00  
176000.E-01  0000.00E+00  0000.00E+00  
178000.E-01  0000.00E+00  0000.00E+00  
180000.E-01  0000.00E+00  0000.00E+00  
182000.E-01  0000.00E+00  0000.00E+00  
184000.E-01  0000.00E+00  0000.00E+00  
186000.E-01  0000.00E+00  0000.00E+00  
188000.E-01  0000.00E+00  0000.00E+00  
190000.E-01  0000.00E+00  0000.00E+00  
192000.E-01  0000.00E+00  0000.00E+00  
194000.E-01  0000.00E+00  0000.00E+00  
196000.E-01  0000.00E+00  0000.00E+00  
198000.E-01  0000.00E+00  0000.00E+00  
200000.E-01  0000.00E+00  0000.00E+00  

 To convert to Energy Lost - multiply by Average Binding Energy =  0  eV/Vacancy
